4/8/2012,10:30,16:30,6,9.65,56.4,0,6,9.65,56.4,0,56.4
4/13/2012,17:00,23:00,6,9.65,56.4,0,12,19.3,112.8,0,112.8
4/20/2012,17:00,23:00,6,9.65,56.4,0,18,28.95,169.2,0,169.2
4/26/2012,17:00,22:00,5,9.65,46.75,0,23,38.6,215.95,0,215.95
4/30/2012,0:00,0:00,0,0,0,107.74,23,38.6,215.95,107.74,108.21
5/4/2012,17:00,23:00,6,9.65,56.4,0,29,48.25,272.35,107.74,164.61
5/5/2012,17:00,23:59,7,9.65,66.05,0,36,57.9,338.4,107.74,230.66
5/6/2012,16:00,23:59,8,9.65,75.7,0,44,67.55,414.09,107.74,306.35
5/13/2012,16:00,21:45,6.15,9.65,53.99,0,49.75,77.2,468.08,107.74,360.34
5/15/2012,0:00,0:00,0,0,0,231.96,49.75,77.2,468.08,339.7,128.38
5/20/2012,15:53,22:40,7.18,9.65,63.96,0,56.53,86.85,532.04,339.7,192.34
5/25/2012,4:53,12:10,7.28,9.65,68.78,0,63.81,96.5,600.83,339.7,261.13
5/27/2012,5:01,12:03,7.03,9.65,66.37,0,70.84,106.15,667.2,339.7,327.5
5/31/2012,16:54,20:03,3.15,9.65,28.9,408.89,73.99,115.8,696.09,748.59,52.5
6/8/2012,4:57,12:39,8.1,9.65,72.8,0,81.69,125.45,768.9,748.59,20.31
6/15/2012,0:00,0:00,0,0,0,95.96,81.69,125.45,768.9,844.55,75.65
6/16/2012,16:54,20:12,3.3,9.65,30.35,0,84.99,135.1,799.24,844.55,45.31
6/23/2012,16:57,22:01,5.07,9.65,47.39,0,90.06,144.75,846.64,844.55,2.09
6/30/2012,0:00,0:00,0,0,0,74.75,90.06,144.75,846.64,919.3,72.66
7/6/2012,4:48,12:35,8.18,9.65,73.61,0,97.84,154.4,920.25,919.3,0.95
7/7/2012,16:46,19:56,3.17,9.65,29.06,0,101.01,164.05,949.31,919.3,30.01
7/9/2012,16:41,22:43,6.03,9.65,56.72,0,107.04,173.7,1006.03,919.3,86.73
7/13/2012,0:00,0:00,0,0,0,183.77,107.04,173.7,1006.03,1103.07,97.04
7/18/2012,16:48,20:30,4.1,9.65,34.21,0,110.74,183.35,1040.23,1103.07,62.84
7/25/2012,16:55,22:05,5.17,9.65,48.36,0,115.91,193,1088.59,1103.07,14.48
7/27/2012,4:47,12:15,7.47,9.65,70.55,0,123.38,202.65,1159.14,1103.07,56.07
7/31/2012,0:00,0:00,0,0,0,77.11,123.38,202.65,1159.14,1180.18,21.04
8/15/2012,0:00,0:00,0,0,0,66.83,123.38,202.65,1159.14,1247.01,87.87
8/18/2012,16:48,22:45,6.35,9.65,55.92,0,129.33,212.3,1215.06,1247.01,31.95
8/23/2012,16:49,23:36,7.18,9.65,63.96,0,136.11,221.95,1279.02,1247.01,32.01
8/30/2012,16:41,22:56,6.25,9.65,58.81,0,142.36,231.6,1337.83,1247.01,90.82
8/31/2012,0:00,0:00,0,0,0,114.8,142.36,231.6,1337.83,1361.81,23.98
9/6/2012,16:48,22:47,6.38,9.65,56.24,0,148.34,241.25,1394.07,1361.81,32.26
9/14/2012,0:00,0:00,0,0,0,116.2,148.34,241.25,1394.07,1478.01,83.94
9/15/2012,16:45,20:20,3.58,9.65,33.08,0,151.92,250.9,1427.15,1478.01,50.86
9/22/2012,9:54,16:00,6.1,9.65,57.37,0,158.02,260.55,1484.52,1478.01,6.51
9/28/2012,0:00,0:00,0,0,0,86.53,158.02,260.55,1484.52,1564.54,80.02
9/29/2012,9:54,16:32,7.03,9.65,62.51,0,164.65,270.2,1547.03,1564.54,17.51
9/30/2012,9:56,15:57,6.02,9.65,56.56,0,170.67,279.85,1603.59,1564.54,39.05
10/7/2012,9:48,16:16,6.47,9.65,60.9,0,177.14,289.5,1664.49,1564.54,99.95
10/14/2012,9:52,15:42,6.23,9.65,54.79,0,182.97,299.15,1719.28,1564.54,154.74
10/15/2012,0:00,0:00,0,0,0,181.31,182.97,299.15,1719.28,1745.85,26.57
10/20/2012,9:56,15:23,5.45,9.65,51.09,0,188.42,308.8,1770.38,1745.85,24.53
10/27/2012,9:49,15:56,6.12,9.65,57.53,0,194.54,318.45,1827.9,1745.85,82.05
10/31/2012,0:00,0:00,0,0,0,162.78,194.54,318.45,1827.9,1908.63,80.73
11/5/2012,10:06,15:57,6.25,9.65,54.95,0,200.39,328.1,1882.85,1908.63,25.78
11/10/2012,9:55,16:35,7.07,9.65,62.83,0,207.06,337.75,1945.69,1908.63,37.06
11/15/2012,0:00,0:00,0,0,0,112.45,207.06,337.75,1945.69,2021.08,75.39
11/17/2012,9:55,16:02,6.12,9.65,57.53,0,213.18,347.4,2003.21,2021.08,17.87
11/23/2012,9:53,16:34,7.08,9.65,62.99,0,219.86,357.05,2066.21,2021.08,45.13
11/30/2012,0:00,0:00,0,0,0,114.8,219.86,357.05,2066.21,2135.88,69.67
12/1/2012,5:45,13:51,8.1,9.65,76.67,0,227.96,366.7,2142.87,2135.88,6.99
12/8/2012,9:50,17:00,7.17,9.65,67.66,0,235.13,376.35,2210.53,2135.88,74.65
12/14/2012,0:00,0:00,0,0,0,100.67,235.13,376.35,2210.53,2236.55,26.02
12/15/2012,9:51,17:28,8.02,9.65,72,0,242.75,386,2282.53,2236.55,45.98
12/22/2012,10:00,16:57,7.35,9.65,65.57,0,249.7,395.65,2348.1,2236.55,111.55
12/31/2012,0:00,0:00,0,0,0,151.42,249.7,395.65,2348.1,2387.97,39.87
1/5/2013,10:03,16:11,6.13,9.65,57.69,0,255.83,405.3,2405.79,2387.97,17.82
1/12/2013,9:54,16:30,7,9.65,62.19,0,262.43,414.95,2467.98,2387.97,80.01
1/15/2013,0:00,0:00,0,0,0,46.99,262.43,414.95,2467.98,2434.96,33.02
1/19/2013,9:59,16:13,6.23,9.65,58.65,0,268.66,424.6,2526.63,2434.96,91.67
1/26/2013,10:05,16:12,6.12,9.65,57.53,0,274.78,434.25,2584.15,2434.96,149.19
1/31/2013,0:00,0:00,0,0,0,174.47,274.78,434.25,2584.15,2609.43,25.28
2/2/2013,9:59,16:15,6.27,9.65,58.97,0,281.05,443.9,2643.13,2609.43,33.7
2/15/2013,0:00,0:00,0,0,0,117.1,281.05,443.9,2643.13,2726.53,83.4
2/16/2013,9:58,16:28,6.5,9.65,61.22,0,287.55,453.55,2704.35,2726.53,22.18
2/9/2013,9:58,16:32,6.57,9.65,61.87,0,294.12,463.2,2766.22,2726.53,39.69
2/26/2013,9:52,16:32,7.07,9.65,62.83,0,300.79,472.85,2829.05,2726.53,102.52
2/28/2013,0:00,0:00,0,0,0,125.98,300.79,472.85,2829.05,2852.51,23.46
3/2/2013,9:55,15:56,6.02,9.65,56.56,0,306.81,482.5,2885.61,2852.51,33.1
3/15/2013,0:00,0:00,0,0,0,114.74,306.81,482.5,2885.61,2967.25,81.64
3/16/2013,9:50,15:57,6.12,9.65,57.53,0,312.93,492.15,2943.14,2967.25,24.11
3/23/2013,9:55,16:03,6.13,9.65,57.69,0,319.06,501.8,3000.83,2967.25,33.58
3/28/2013,0:00,0:00,0,0,0,110.03,319.06,501.8,3000.83,3077.28,76.45
3/30/2013,9:54,15:55,6.02,9.65,56.56,0,325.08,511.45,3057.39,3077.28,19.89
3/31/2013,9:58,16:34,7,9.65,62.19,0,331.68,521.1,3119.58,3077.28,42.3
4/6/2013,9:59,15:58,6.38,9.65,56.24,0,337.66,530.75,3175.82,3077.28,98.54
4/13/2013,9:47,15:47,6,9.65,56.4,0,343.66,540.4,3232.22,3077.28,154.94
4/15/2013,0:00,0:00,0,0,0,180.25,343.66,540.4,3232.22,3257.53,25.31
4/20/2013,9:56,15:59,6.05,9.65,56.88,0,349.71,550.05,3289.1,3257.53,31.57
4/27/2013,9:58,16:00,6.03,9.65,56.72,0,355.74,559.7,3345.82,3257.53,88.29
4/30/2013,0:00,0:00,0,0,0,107.68,355.74,559.7,3345.82,3365.21,19.39
5/4/2013,13:53,20:01,6.13,10.25,61.37,0,361.87,569.95,3407.19,3365.21,41.98
5/11/2013,9:54,16:00,6.1,10.25,61.03,0,367.97,580.2,3468.21,3365.21,103
5/15/2013,16:42,22:27,6.15,10.25,57.44,163.71,373.72,590.45,3525.65,3528.92,3.27
5/18/2013,9:56,16:02,6.1,10.25,61.03,0,379.82,600.7,3586.68,3528.92,57.76
5/20/2013,16:54,22:37,6.12,15.38,86.39,0,385.54,616.08,3673.07,3528.92,144.15
5/21/2013,16:55,22:20,5.42,10.25,54.02,0,390.96,626.33,3727.09,3528.92,198.17
5/25/2013,9:58,16:08,6.17,10.25,61.71,0,397.13,636.58,3788.8,3528.92,259.88
5/26/2013,10:06,16:01,6.32,10.25,59.15,0,403.05,646.83,3847.94,3528.92,319.02
5/31/2013,0:00,0:00,0,10.25,0,384.05,403.05,657.08,3847.94,3912.97,65.03
6/1/2013,9:58,16:09,6.18,10.25,61.88,0,409.23,667.33,3909.82,3912.97,3.15
6/2/2013,10:00,16:41,7.08,10.25,67,0,415.91,677.58,3976.83,3912.97,63.86
6/8/2013,10:10,16:36,6.43,10.25,64.44,0,422.34,687.83,4041.27,3912.97,128.3
6/9/2013,9:58,16:00,6.03,10.25,60.34,0,428.37,698.08,4101.61,3912.97,188.64
6/14/2013,0:00,0:00,0,0,0,244.75,428.37,698.08,4101.61,4157.72,56.11
6/15/2013,10:00,16:19,6.32,10.25,63.25,0,434.69,708.33,4164.86,4157.72,7.14
6/22/2013,10:01,16:44,7.12,10.25,67.35,0,441.41,718.58,4232.2,4157.72,74.48
6/23/2013,10:03,16:02,6.38,10.25,59.83,0,447.39,728.83,4292.03,4157.72,134.31
6/27/2013,16:52,21:41,5.22,10.25,47.87,0,452.21,739.08,4339.9,4157.72,182.18
6/28/2013,0:00,0:00,0,0,0,184.17,452.21,739.08,4339.9,4341.89,1.99
6/29/2013,10:07,16:33,6.43,10.25,64.44,0,458.64,749.33,4404.34,4341.89,62.45
6/30/2013,16:57,23:59,7.03,10.25,70.59,0,465.67,759.58,4474.94,4341.89,133.05
